106
1 40 -1 259 137 2 37
2 40 -1 418 103 3 40
3 40 -1 577 71 3 39
4 40 -1 730 72 5 133
5 40 -1 801 166 4 41
6 40 -1 827 165 4 42
7 40 -1 865 137 3 69
8 40 -1 891 137 4 69
9 40 -1 930 103 2 103
10 40 -1 956 102 3 72
11 40 -1 1178 70 4 58
12 40 -1 1216 69 4 59
13 40 -1 1306 70 5 31
14 40 -1 1600 71 4 31
15 40 -1 1754 71 4 55
16 40 -1 1824 167 4 38
17 40 -1 1850 165 5 39
18 40 -1 1946 72 4 129
19 40 -1 1984 136 3 67
20 40 -1 2010 135 4 67
21 40 -1 2048 134 4 68
22 40 -1 2144 101 4 34
23 40 -1 2232 102 6 71
24 40 -1 2337 135 2 37
25 40 -1 2393 133 4 39
26 40 -1 2496 133 3 39
27 40 -1 2585 134 4 39
28 40 -1 2656 135 3 37
29 40 -1 2720 101 3 35
30 40 -1 2872 102 5 100
31 40 -1 2944 167 3 35
32 40 1 1089 72 3 100
33 40 1 1889 72 4 117
34 20 1 0 165 259 3
35 20 1 259 134 159 3
36 20 1 418 101 159 4
37 20 1 578 69 156 4
38 20 1 802 164 27 3
39 20 1 866 135 28 3
40 20 1 931 101 26 3
41 20 1 958 165 133 3
42 20 1 1056 105 33 3
43 20 1 1090 69 90 4
44 20 1 1218 68 90 3
45 20 1 1152 167 96 3
46 20 1 1279 134 65 3
47 20 1 1376 166 64 4
48 20 1 1471 134 64 3
49 20 1 1568 166 128 4
50 20 1 1602 69 154 3
51 20 1 1310 100 293 2
52 20 1 1825 164 27 4
53 20 1 1891 70 57 3
54 20 1 1986 133 25 4
55 20 1 2049 132 96 3
56 20 1 2146 100 90 4
57 20 1 2238 167 99 3
58 20 1 2397 167 99 3
59 20 1 2498 132 89 4
60 20 1 2588 166 69 3
61 20 1 2657 133 63 4
62 20 1 2722 100 152 4
63 20 1 2945 166 124 4
64 20 -1 1856 105 33 3
65 20 -1 2338 133 57 5
66 122 -1 298 100 15 21
67 122 -1 382 100 16 21
68 124 -1 543 79 19 21
69 124 -1 681 50 19 17
70 122 -1 873 100 16 18
71 121 -1 906 52 16 19
72 120 -1 1059 130 16 24
73 120 -1 1150 33 18 25
74 122 -1 1160 133 16 20
75 122 -1 1243 133 23 26
76 121 -1 1397 46 24 22
78 124 -1 1478 116 19 20
79 125 -1 1570 67 21 22
80 125 -1 1690 67 22 22
81 125 1 1647 32 27 26
82 122 -1 1911 35 20 20
83 124 -1 2116 112 21 19
84 124 -1 2281 146 20 21
85 121 -1 2339 68 21 21
86 124 -1 2465 148 23 19
87 124 -1 2684 114 20 20
88 121 -1 2659 61 22 21
89 123 1 2752 79 31 17
90 121 -1 2980 46 22 27
91 122 -1 2996 130 25 24
92 125 -1 1690 60 22 22
93 80 85 326 90 19 17
94 80 86 441 67 22 14
95 80 89 707 38 23 23
96 80 83 1017 89 19 16
97 80 90 1384 59 18 18
98 80 85 1519 59 18 18
99 80 86 1159 140 15 15
100 80 87 1672 140 16 16
101 80 89 1821 141 16 17
102 80 85 2186 72 18 17
103 80 85 2361 102 21 17
104 80 89 2501 107 18 15
105 80 83 2617 135 18 16
106 80 86 2842 76 19 17
